453
55
384
801
910
828
501
792
944
344
849
394
402
67
155
957
150
531
576
601
919
963
870
956
482
479
430
858
347
386
278
619
864
980
85
68
654
697
572
201
786
376
615
711
121
331
985
732
444
855
146
878
990
218
815
725
114
841
902
203
378
497
153
174
329
54
944
869
422
883
16
459
584
955
761
448
569
536
977
284
923
280
755
415
12
319
420
216
934
414
109
794
802
251
437
367
686
227
91
626
719
128
444
92
874
831
876
946
681
651
428
114
812
655
248
496
263
797
748
383
336
1000
684
823
930
939
344
219
912
202
954
748
679
716
527
854
119
525
649
84
497
684
919
960
338
667
999
821
450
800
248
947
844
22
102
665
838
498
376
316
585
187
103
324
298
221
980
590
574
536
714
740
193
471
322
446
79
444
292
76
556
140
809
347
162
391
332
378
942
732
704
556
955
688
154
773
785
935
989
41
967
438
787
529
212
479
302
746
811
192
29
177
373
688
314
864
401
29
32
118
85
670
219
327
759
220
603
873
300
124
240
888
758
875
472
289
921
858
158
678
127
715
775
524
424
295
82
883
57
901
413
393
46
710
658
957
802
296
874
983
789
460
464
319
7
578
853
932
624
204
363
942
85
125
892
354
516
526
550
242
260
343
579
46
166
374
291
924
337
728
334
548
764
163
631
7
604
737
285
824
567
307
378
581
391
848
252
358
946
983
501
662
471
430
845
467
234
520
973
677
357
258
248
266
497
712
940
1000
281
904
317
580
722
462
550
409
293
621
300
545
223
698
147
429
388
966
62
777
903
223
781
341
474
913
858
732
36
924
717
540
719
950
817
398
943
662
201
764
878
365
643
453
55
384
801
910
828
501
792
944
344
849
394
402
67
155
957
150
531
576
601
919
963
870
956
482
479
430
858
347
386
278
619
864
980
85
68
654
697
572
201
786
376
615
711
121
331
985
732
444
855
146
878
990
218
815
725
114
841
902
203
378
497
153
174
329
54
944
869
422
883
16
459
584
955
761
448
569
536
977
284
923
280
755
415
12
319
420
216
934
414
109
794
802
251
437
367
686
227
91
626
719
128
444
92
874
831
876
946
681
651
428
114
812
655
248
496
263
797
748
383
336
1000
684
823
930
939
344
219
912
202
954
748
679
716
527
854
119
525
649
84
497
684
919
960
338
667
999
821
450
800
248
947
844
22
102
665
838
498
376
316
585
187
103
324
298
221
980
590
574
536
714
740
193
471
322
446
79
444
292
76
556
140
809
347
162
391
332
378
942
732
704
556
955
688
154
773
785
935
989
41
967
438
787
529
212
479
302
746
811
192
29
177
373
688
314
864
401
29
32
118
85
670
219
327
759
220
603
873
300
124
240
888
758
875
472
289
921
858
158
678
127
715
775
524
424
295
82
883
57
901
413
393
46
710
658
957
802
296
874
983
789
460
464
319
7
578
853
932
624
204
363
942
85
125
892
354
516
526
550
242
260
343
579
46
166
374
291
924
337
728
334
548
764
163
631
7
604
737
285
824
567
307
378
581
391
848
252
358
946
983
501
662
471
430
845
467
234
520
973
677
357
258
248
266
497
712
940
1000
281
904
317
580
722
462
550
409
293
621
300
545
223
698
147
429
388
966
62
777
903
223
781
341
474
913
858
732
36
924
717
540
719
950
817
398
943
662
201
764
878
365
643
453
55
384
801
910
828
501
792
944
344
849
394
402
67
155
957
150
531
576
601
919
963
870
956
482
479
430
858
347
386
278
619
864
980
85
68
654
697
572
201
786
376
615
711
121
331
985
732
444
855
146
878
990
218
815
725
114
841
902
203
378
497
153
174
329
54
944
869
422
883
16
459
584
955
761
448
569
536
977
284
923
280
755
415
12
319
420
216
934
414
109
794
802
251
437
367
686
227
91
626
719
128
444
92
874
831
876
946
681
651
428
114
812
655
248
496
263
797
748
383
336
1000
684
823
930
939
344
219
912
202
954
748
679
716
527
854
119
525
649
84
497
684
919
960
338
667
999
821
450
800
248
947
844
22
102
665
838
498
376
316
585
187
103
324
298
221
980
590
574
536
714
740
193
471
322
446
79
444
292
76
556
140
809
347
162
391
332
378
942
732
704
556
955
688
154
773
785
935
989
41
967
438
787
529
212
479
302
746
811
192
29
177
373
688
314
864
401
29
32
118
85
670
219
327
759
220
603
873
300
124
240
888
758
875
472
289
921
858
158
678
127
715
775
524
424
295
82
883
57
901
413
393
46
710
658
957
802
296